 #baseprofiles
 #height rhobf
    7.5  0.11836046000000000E+01
   22.5  0.11819610600000000E+01
   37.6  0.11803027400000000E+01
   53.0  0.11786297600000000E+01
   68.4  0.11769418700000000E+01
   84.0  0.11752390900000000E+01
   99.8  0.11735210400000000E+01
  115.7  0.11717878600000000E+01
  131.8  0.11700393000000000E+01
  148.0  0.11682752400000000E+01
  164.4  0.11664956800000000E+01
  181.0  0.11647002700000000E+01
  197.7  0.11628892400000000E+01
  214.6  0.11610622400000000E+01
  231.7  0.11592191500000000E+01
  249.0  0.11573599600000000E+01
  266.4  0.11554844400000000E+01
  284.0  0.11535925900000000E+01
  301.7  0.11516841700000000E+01
  319.7  0.11497591700000000E+01
  337.8  0.11478173700000000E+01
  356.1  0.11458587600000000E+01
  374.6  0.11438831100000000E+01
  393.2  0.11418902900000000E+01
  412.1  0.11398804200000000E+01
  431.1  0.11378530300000000E+01
  450.4  0.11358082300000000E+01
  469.8  0.11337459100000000E+01
  489.4  0.11316658300000000E+01
  509.3  0.11295677400000000E+01
  529.3  0.11274519000000000E+01
  549.5  0.11253179300000000E+01
  569.9  0.11231657300000000E+01
  590.5  0.11209952800000000E+01
  611.4  0.11188063600000000E+01
  632.4  0.11165987300000000E+01
  653.7  0.11143726100000000E+01
  675.1  0.11121275400000000E+01
  696.8  0.11098635200000000E+01
  718.7  0.11075805400000000E+01
  740.8  0.11052782500000000E+01
  763.1  0.11029567700000000E+01
  785.7  0.11006158600000000E+01
  808.5  0.10982554000000000E+01
  831.5  0.10958753800000000E+01
  854.7  0.10934753400000000E+01
  878.2  0.10910555100000000E+01
  901.9  0.10886156600000000E+01
  925.8  0.10861555300000000E+01
  950.0  0.10836751500000000E+01
  974.4  0.10811744900000000E+01
  999.1  0.10786532200000000E+01
 1024.0  0.10761116700000000E+01
 1049.2  0.10735485600000000E+01
 1074.6  0.10709646900000000E+01
 1100.3  0.10683602100000000E+01
 1126.2  0.10657353400000000E+01
 1152.4  0.10630881800000000E+01
 1178.8  0.10604198000000000E+01
 1205.6  0.10577303200000000E+01
 1232.5  0.10550180700000000E+01
 1259.8  0.10522850800000000E+01
 1287.3  0.10495305100000000E+01
 1315.1  0.10467534100000000E+01
 1343.2  0.10439552100000000E+01
 1371.5  0.10411337600000000E+01
 1400.2  0.10382905000000000E+01
 1429.1  0.10354243500000000E+01
 1458.3  0.10325367500000000E+01
 1487.8  0.10296256500000000E+01
 1517.7  0.10266914400000000E+01
 1547.8  0.10237351700000000E+01
 1578.2  0.10207558900000000E+01
 1608.9  0.10177531200000000E+01
 1639.9  0.10147278300000000E+01
 1671.2  0.10116792900000000E+01
 1702.8  0.10086067900000000E+01
 1734.8  0.10055114000000000E+01
 1767.1  0.10023913400000000E+01
 1799.7  0.99924892200000000E+00
 1832.6  0.99608236600000000E+00
 1865.8  0.99289178800000000E+00
 1899.4  0.98967659500000000E+00
 1933.3  0.98643785700000000E+00
 1967.6  0.98317587400000000E+00
 2002.2  0.97988891600000000E+00
 2037.1  0.97657728200000000E+00
 2072.4  0.97324115000000000E+00
 2108.1  0.96988081900000000E+00
 2144.1  0.96649652700000000E+00
 2180.4  0.96308660500000000E+00
 2217.2  0.95965230500000000E+00
 2254.3  0.95619291100000000E+00
 2291.7  0.95270967500000000E+00
 2329.6  0.94920003400000000E+00
 2367.8  0.94566607500000000E+00
 2406.4  0.94210726000000000E+00
 2445.4  0.93852287500000000E+00
 2484.8  0.93491327800000000E+00
 2524.6  0.93127870600000000E+00
 2564.7  0.92761850400000000E+00
 2605.3  0.92393308900000000E+00
 2646.3  0.92022180600000000E+00
 2687.7  0.91648501200000000E+00
 2729.5  0.91272294500000000E+00
 2771.7  0.90893513000000000E+00
 2814.3  0.90512180300000000E+00
 2857.4  0.90128248900000000E+00
 2900.9  0.89741754500000000E+00
 2944.8  0.89352721000000000E+00
 2989.2  0.88961017100000000E+00
 3034.0  0.88566851600000000E+00
 3079.3  0.88169997900000000E+00
 3125.0  0.87770587200000000E+00
 3171.2  0.87368643300000000E+00
 3217.8  0.86964041000000000E+00
 3264.9  0.86556911500000000E+00
 3312.5  0.86147195100000000E+00
 3360.5  0.85734850200000000E+00
 3409.1  0.85319924400000000E+00
 3458.1  0.84902375900000000E+00
 3507.6  0.84482234700000000E+00
 3557.6  0.84059554300000000E+00
 3608.1  0.83634293100000000E+00
 3659.1  0.83206492700000000E+00
 3710.6  0.82776027900000000E+00
 3762.6  0.82343041900000000E+00
 3815.2  0.81907481000000000E+00
 3868.3  0.81469327200000000E+00
 3921.9  0.81028616400000000E+00
 3976.0  0.80585402300000000E+00
 4030.7  0.80139571400000000E+00
 4085.9  0.79691255100000000E+00
 4141.7  0.79240429400000000E+00
 4198.1  0.78787058600000000E+00
 4255.0  0.78331118800000000E+00
 4312.4  0.77872741200000000E+00
 4370.5  0.77411824500000000E+00
 4429.1  0.76948428200000000E+00
 4488.3  0.76482522500000000E+00
 4548.1  0.76014173000000000E+00
 4608.6  0.75543350000000000E+00
 4669.6  0.75070124900000000E+00
 4731.2  0.74594467900000000E+00
 4793.4  0.74116450500000000E+00
 4856.3  0.73635977500000000E+00
 4919.8  0.73153108400000000E+00
 4983.9  0.72667914600000000E+00
 5048.7  0.72180301000000000E+00
 5114.1  0.71690416300000000E+00
 5180.1  0.71198248900000000E+00
 5246.9  0.70703721000000000E+00
 5314.2  0.70206975900000000E+00
 5382.3  0.69707930100000000E+00
 5451.1  0.69206655000000000E+00
 5520.5  0.68703156700000000E+00
 5590.6  0.68197506700000000E+00
 5661.5  0.67689704900000000E+00
 5733.0  0.67179751400000000E+00
 5805.3  0.66667729600000000E+00
 5878.2  0.66153568000000000E+00
 5951.9  0.65637350100000000E+00
 6026.4  0.65119153300000000E+00
 6101.6  0.64598918000000000E+00
 6177.5  0.64076727600000000E+00
 6254.2  0.63552594200000000E+00
 6331.7  0.63026541500000000E+00
 6409.9  0.62498641000000000E+00
 6488.9  0.61968922600000000E+00
 6568.8  0.61437332600000000E+00
 6649.4  0.60904032000000000E+00
 6730.8  0.60368979000000000E+00
 6813.0  0.59832257000000000E+00
 6896.1  0.59293830400000000E+00
 6980.0  0.58753794400000000E+00
