# 
#     height           ug           vg         wfls      dqtdxls      dqtdyls      dqtdtls      dthlrad
         7.5     -14.9835            0  2.52436e-06            0            0 -1.72676e-08 -5.75832e-06
        22.5     -14.9505            0  7.68903e-06            0            0 -1.72027e-08 -5.71497e-06
       37.65     -14.9172            0  1.30529e-05            0            0 -1.71372e-08 -5.67119e-06
     52.9515     -14.8835            0  1.86092e-05            0            0  -1.7071e-08 -5.62697e-06
      68.406     -14.8495            0   2.4351e-05            0            0 -1.70041e-08 -5.58231e-06
     84.0151     -14.8152            0  3.02702e-05            0            0 -1.69366e-08  -5.5372e-06
     99.7802     -14.7805            0  3.63586e-05            0            0 -1.68685e-08 -5.49164e-06
     115.703     -14.7455            0   4.2607e-05            0            0 -1.67996e-08 -5.44562e-06
     131.785     -14.7101            0  4.90058e-05            0            0   -1.673e-08 -5.39914e-06
     148.028     -14.6743            0  5.55445e-05            0            0 -1.66598e-08  -5.3522e-06
     164.433     -14.6382            0   6.2212e-05            0            0 -1.65888e-08 -5.30479e-06
     181.003     -14.6018            0  6.89964e-05            0            0 -1.65172e-08  -5.2569e-06
     197.738      -14.565            0  7.58851e-05            0            0 -1.64448e-08 -5.20854e-06
      214.64     -14.5278            0  8.28648e-05            0            0 -1.63717e-08 -5.15969e-06
     231.711     -14.4902            0  8.99211e-05            0            0 -1.62978e-08 -5.11035e-06
     248.953     -14.4523            0  9.70392e-05            0            0 -1.62233e-08 -5.06052e-06
     266.368      -14.414            0  0.000104203            0            0  -1.6148e-08  -5.0102e-06
     283.957     -14.3753            0  0.000111396            0            0 -1.60719e-08 -4.95937e-06
     301.721     -14.3362            0    0.0001186            0            0 -1.59951e-08 -4.90803e-06
     319.663     -14.2967            0  0.000125797            0            0 -1.59175e-08 -4.85617e-06
     337.785     -14.2569            0  0.000132966            0            0 -1.58391e-08  -4.8038e-06
     356.088     -14.2166            0  0.000140089            0            0 -1.57599e-08 -4.75091e-06
     374.574     -14.1759            0  0.000147142            0            0   -1.568e-08 -4.69748e-06
     393.245     -14.1349            0  0.000154104            0            0 -1.55992e-08 -4.64352e-06
     412.102     -14.0934            0  0.000160951            0            0 -1.55177e-08 -4.58903e-06
     431.148     -14.0515            0  0.000167659            0            0 -1.54353e-08 -4.53398e-06
     450.384     -14.0092            0    0.0001742            0            0 -1.53521e-08 -4.47839e-06
     469.813     -13.9664            0   0.00018055            0            0 -1.52681e-08 -4.42224e-06
     489.436     -13.9232            0  0.000186679            0            0 -1.51832e-08 -4.36553e-06
     509.256     -13.8796            0  0.000192558            0            0 -1.50975e-08 -4.30825e-06
     529.273     -13.8356            0  0.000198158            0            0 -1.50109e-08  -4.2504e-06
     549.491     -13.7911            0  0.000203447            0            0 -1.49235e-08 -4.19197e-06
     569.911     -13.7462            0  0.000208392            0            0 -1.48351e-08 -4.13296e-06
     590.535     -13.7008            0  0.000212959            0            0 -1.47459e-08 -4.07335e-06
     611.365      -13.655            0  0.000217114            0            0 -1.46558e-08 -4.01315e-06
     632.404     -13.6087            0   0.00022082            0            0 -1.45649e-08 -3.95235e-06
     653.653      -13.562            0  0.000224039            0            0  -1.4473e-08 -3.89094e-06
     675.115     -13.5147            0  0.000226734            0            0 -1.43801e-08 -3.82892e-06
     696.791     -13.4671            0  0.000228863            0            0 -1.42864e-08 -3.76627e-06
     718.684     -13.4189            0  0.000230387            0            0 -1.41917e-08   -3.703e-06
     740.796     -13.3702            0  0.000231263            0            0 -1.40961e-08  -3.6391e-06
     763.129     -13.3211            0  0.000231446            0            0 -1.39995e-08 -3.57456e-06
     785.685     -13.2715            0  0.000230893            0            0 -1.39019e-08 -3.50937e-06
     808.467     -13.2214            0  0.000229558            0            0 -1.38034e-08 -3.44353e-06
     831.476     -13.1708            0  0.000227393            0            0 -1.37039e-08 -3.37703e-06
     854.716     -13.1196            0  0.000224351            0            0 -1.36034e-08 -3.30987e-06
     878.188      -13.068            0  0.000220382            0            0 -1.35018e-08 -3.24204e-06
     901.895     -13.0158            0  0.000215436            0            0 -1.33993e-08 -3.17352e-06
     925.839     -12.9632            0  0.000209461            0            0 -1.32957e-08 -3.10432e-06
     950.023       -12.91            0  0.000202405            0            0 -1.31912e-08 -3.03443e-06
     974.448     -12.8562            0  0.000194216            0            0 -1.30855e-08 -2.96385e-06
     999.117     -12.8019            0  0.000184838            0            0 -1.29788e-08 -2.89255e-06
     1024.03     -12.7471            0  0.000174217            0            0 -1.28711e-08 -2.82054e-06
      1049.2     -12.6918            0  0.000162298            0            0 -1.27622e-08 -2.74782e-06
     1074.62     -12.6358            0  0.000149023            0            0 -1.26523e-08 -2.67436e-06
     1100.29     -12.5794            0  0.000134337            0            0 -1.25413e-08 -2.60017e-06
     1126.21     -12.5223            0  0.000118181            0            0 -1.24291e-08 -2.52524e-06
      1152.4     -12.4647            0  0.000100499            0            0 -1.23159e-08 -2.44956e-06
     1178.85     -12.4065            0  8.12314e-05            0            0 -1.22015e-08 -2.37312e-06
     1205.56     -12.3478            0  6.03212e-05            0            0 -1.20859e-08 -2.29592e-06
     1232.55     -12.2884            0  3.77099e-05            0            0 -1.19692e-08 -2.21794e-06
      1259.8     -12.2284            0  1.33395e-05            0            0 -1.18514e-08 -2.13919e-06
     1287.32     -12.1679            0 -1.28478e-05            0            0 -1.17323e-08 -2.05965e-06
     1315.12     -12.1067            0 -4.09092e-05            0            0 -1.16121e-08 -1.97931e-06
     1343.19      -12.045            0 -7.09014e-05            0            0 -1.14907e-08 -1.89817e-06
     1371.55     -11.9826            0  -0.00010288            0            0  -1.1368e-08 -1.81622e-06
     1400.19     -11.9196            0 -0.000136901            0            0 -1.12442e-08 -1.73345e-06
     1429.12     -11.8559            0 -0.000173018            0            0 -1.11191e-08 -1.64985e-06
     1458.33     -11.7917            0 -0.000211282            0            0 -1.09927e-08 -1.56542e-06
     1487.84     -11.7267            0 -0.000251745            0            0 -1.08651e-08 -1.48014e-06
     1517.65     -11.6612            0 -0.000294456            0            0 -1.07362e-08 -1.39401e-06
     1547.75      -11.595            0 -0.000339462            0            0  -1.0606e-08 -1.30701e-06
     1578.15     -11.5281            0 -0.000386807            0            0 -1.04745e-08 -1.21915e-06
     1608.86     -11.4605            0 -0.000436533            0            0 -1.03417e-08 -1.13041e-06
     1639.87     -11.3923            0 -0.000488679            0            0 -1.02076e-08 -1.04078e-06
     1671.19     -11.3234            0 -0.000543281            0            0 -1.00721e-08 -9.50253e-07
     1702.83     -11.2538            0 -0.000600372            0            0 -9.93526e-09 -8.58822e-07
     1734.78     -11.1835            0  -0.00065998            0            0 -9.79706e-09 -7.66477e-07
     1767.06     -11.1125            0 -0.000722129            0            0 -9.65748e-09 -6.73209e-07
     1799.65     -11.0408            0 -0.000786839            0            0 -9.51651e-09 -5.79008e-07
     1832.57     -10.9683            0 -0.000854126            0            0 -9.37412e-09 -4.83865e-07
     1865.82     -10.8952            0 -0.000923999            0            0 -9.23031e-09  -3.8777e-07
     1899.41     -10.8213            0 -0.000996461            0            0 -9.08507e-09 -2.90714e-07
     1933.33     -10.7467            0  -0.00107151            0            0 -8.93837e-09 -1.92688e-07
     1967.58     -10.6713            0  -0.00114915            0            0  -8.7902e-09 -9.36819e-08
     2002.18     -10.5952            0  -0.00122934            0            0 -8.64055e-09            0
     2037.13     -10.5183            0  -0.00131209            0            0  -8.4894e-09            0
     2072.43     -10.4407            0  -0.00139734            0            0 -8.33675e-09            0
     2108.08     -10.3622            0  -0.00148508            0            0 -8.18257e-09            0
     2144.08      -10.283            0  -0.00157525            0            0 -8.02684e-09            0
     2180.45      -10.203            0  -0.00166779            0            0 -7.86956e-09            0
     2217.18     -10.1222            0  -0.00176265            0            0  -7.7107e-09            0
     2254.28     -10.0406            0  -0.00185976            0            0 -7.55026e-09            0
     2291.74     -9.95817            0  -0.00195902            0            0 -7.38821e-09            0
     2329.59     -9.87491            0  -0.00206035            0            0 -7.22454e-09            0
     2367.81     -9.79083            0  -0.00216364            0            0 -7.05924e-09            0
     2406.41      -9.7059            0  -0.00226879            0            0 -6.89228e-09            0
      2445.4     -9.62012            0  -0.00237566            0            0 -6.72365e-09            0
     2484.78     -9.53349            0  -0.00248411            0            0 -6.55334e-09            0
     2524.55     -9.44599            0  -0.00259401            0            0 -6.38132e-09            0
     2564.72     -9.35761            0  -0.00270518            0            0 -6.20758e-09            0
     2605.29     -9.26836            0  -0.00281746            0            0 -6.03211e-09            0
     2646.27      -9.1782            0  -0.00293066            0            0 -5.85488e-09            0
     2687.66     -9.08715            0  -0.00304459            0            0 -5.67588e-09            0
     2729.46     -8.99519            0  -0.00315903            0            0 -5.49508e-09            0
     2771.68      -8.9023            0  -0.00327377            0            0 -5.31248e-09            0
     2814.32     -8.80849            0  -0.00338856            0            0 -5.12806e-09            0
     2857.39     -8.71374            0  -0.00350317            0            0 -4.94179e-09            0
     2900.89     -8.61804            0  -0.00361733            0            0 -4.75366e-09            0
     2944.82     -8.52139            0  -0.00373077            0            0 -4.56364e-09            0
      2989.2     -8.42377            0  -0.00384322            0            0 -4.37173e-09            0
     3034.01     -8.32517            0  -0.00395438            0            0 -4.17789e-09            0
     3079.28     -8.22559            0  -0.00406394            0            0 -3.98212e-09            0
        3125     -8.12501            0   -0.0041716            0            0 -3.78439e-09            0
     3171.17     -8.02342            0  -0.00427703            0            0 -3.58469e-09            0
     3217.81     -7.92082            0  -0.00437991            0            0 -3.38298e-09            0
     3264.91      -7.8172            0   -0.0044799            0            0 -3.17926e-09            0
     3312.48     -7.71253            0  -0.00457665            0            0  -2.9735e-09            0
     3360.53     -7.60682            0  -0.00466982            0            0 -2.76569e-09            0
     3409.06     -7.50006            0  -0.00475906            0            0  -2.5558e-09            0
     3458.08     -7.39222            0  -0.00484401            0            0  -2.3438e-09            0
     3507.59     -7.28331            0  -0.00492433            0            0 -2.12969e-09            0
     3557.59     -7.17331            0  -0.00499966            0            0 -1.91344e-09            0
     3608.09     -7.06221            0  -0.00506965            0            0 -1.69502e-09            0
     3659.09     -6.94999            0  -0.00513397            0            0 -1.47442e-09            0
     3710.61     -6.83666            0  -0.00519227            0            0 -1.25161e-09            0
     3762.64     -6.72219            0  -0.00524424            0            0 -1.02658e-09            0
     3815.19     -6.60658            0  -0.00528955            0            0 -7.99294e-10            0
     3868.27     -6.48981            0  -0.00532792            0            0 -5.69736e-10            0
     3921.88     -6.37187            0  -0.00535906            0            0 -3.37883e-10            0
     3976.02     -6.25275            0  -0.00538271            0            0 -1.03711e-10            0
     4030.71     -6.13245            0  -0.00539863            0            0            0            0
     4085.94     -6.01094            0  -0.00540662            0            0            0            0
     4141.72     -5.88821            0  -0.00540649            0            0            0            0
     4198.06     -5.76426            0   -0.0053981            0            0            0            0
     4254.97     -5.63907            0  -0.00538132            0            0            0            0
     4312.44     -5.51262            0  -0.00535608            0            0            0            0
     4370.49     -5.38491            0  -0.00532236            0            0            0            0
     4429.12     -5.25593            0  -0.00528015            0            0            0            0
     4488.34     -5.12565            0  -0.00522952            0            0            0            0
     4548.15     -4.99407            0  -0.00517057            0            0            0            0
     4608.56     -4.86118            0  -0.00510347            0            0            0            0
     4669.57     -4.72696            0  -0.00502843            0            0            0            0
     4731.19     -4.59139            0  -0.00494573            0            0            0            0
     4793.42     -4.45447            0   -0.0048557            0            0            0            0
     4856.28     -4.31618            0  -0.00475874            0            0            0            0
     4919.77     -4.17651            0  -0.00465531            0            0            0            0
     4983.89     -4.03544            0  -0.00454592            0            0            0            0
     5048.66     -3.89295            0  -0.00443117            0            0            0            0
     5114.07     -3.74905            0  -0.00431171            0            0            0            0
     5180.13      -3.6037            0  -0.00418825            0            0            0            0
     5246.86     -3.45691            0  -0.00406157            0            0            0            0
     5314.25     -3.30864            0  -0.00396293            0            0            0            0
     5382.32     -3.15889            0  -0.00397735            0            0            0            0
     5451.07     -3.00765            0  -0.00399153            0            0            0            0
     5520.51     -2.85489            0  -0.00400546            0            0            0            0
     5590.64      -2.7006            0  -0.00401914            0            0            0            0
     5661.47     -2.54477            0  -0.00403257            0            0            0            0
     5733.01     -2.38738            0  -0.00404576            0            0            0            0
     5805.26     -2.22842            0   -0.0040587            0            0            0            0
     5878.24     -2.06787            0  -0.00407139            0            0            0            0
     5951.95     -1.90572            0  -0.00408385            0            0            0            0
     6026.39     -1.74194            0  -0.00409606            0            0            0            0
     6101.58     -1.57652            0  -0.00410802            0            0            0            0
     6177.52     -1.40945            0  -0.00411975            0            0            0            0
     6254.22     -1.24071            0  -0.00413124            0            0            0            0
     6331.69     -1.07029            0  -0.00414249            0            0            0            0
     6409.93    -0.898153            0  -0.00415351            0            0            0            0
     6488.95      -0.7243            0  -0.00416429            0            0            0            0
     6568.77    -0.548708            0  -0.00417484            0            0            0            0
     6649.38     -0.37136            0  -0.00418516            0            0            0            0
      6730.8    -0.192238            0  -0.00419524            0            0            0            0
     6813.03   -0.0113257            0  -0.00420511            0            0            0            0
     6896.09     0.171396            0  -0.00421474            0            0            0            0
     6979.98     0.355945            0  -0.00422415            0            0            0            0
