275  37
252.504715  292.328247  0.000003  0.000011  0.000000  
414.606445  283.783813  0.000003  0.000012  0.000000  
657.663818  260.580902  0.000003  0.000011  0.000000  
1031.042847  231.219604  0.000002  0.000011  0.000000  
1594.116089  212.157501  0.000002  0.000010  0.000000  
2391.834473  203.106979  0.000002  0.000009  0.000000  
3442.486084  200.350906  0.000003  0.000007  0.000000  
4742.721191  199.356613  0.000003  0.000006  0.000000  
6270.570801  200.166458  0.000003  0.000004  0.000000  
7988.791992  201.142731  0.000002  0.000003  0.000000  
9850.009766  203.230042  0.000002  0.000002  0.000000  
11808.339844  204.294037  0.000002  0.000002  0.000000  
13825.009766  205.528412  0.000002  0.000001  0.000000  
15860.056641  207.283310  0.000002  0.000001  0.000000  
17882.541016  208.962784  0.000002  0.000001  0.000000  
19876.994141  209.820023  0.000004  0.000001  0.000000  
21837.656250  210.350815  0.000007  0.000001  0.000000  
23761.228516  211.037506  0.000011  0.000000  0.000000  
25646.339844  212.188171  0.000014  0.000000  0.000000  
27494.728516  213.719299  0.000015  0.000000  0.000000  
29312.080078  215.435272  0.000016  0.000000  0.000000  
31106.232422  217.380508  0.000017  0.000000  0.000000  
32885.199219  219.550812  0.000019  0.000000  0.000000  
34657.953125  221.606140  0.000021  0.000000  0.000000  
36432.945312  223.744766  0.000025  0.000000  0.000000  
38216.605469  225.890381  0.000030  0.000000  0.000000  
40014.382812  227.919617  0.000037  0.000000  0.000000  
41829.718750  229.966629  0.000046  0.000000  0.000000  
43663.828125  231.979828  0.000057  0.000000  0.000000  
45516.347656  233.912628  0.000071  0.000000  0.000000  
47385.632812  235.742249  0.000088  0.000000  0.000000  
49269.343750  237.464981  0.000107  0.000000  0.000000  
51164.933594  239.082611  0.000130  0.000000  0.000000  
53069.875000  240.616898  0.000157  0.000000  0.000000  
54981.164062  242.119095  0.000187  0.000000  0.000000  
56895.460938  243.600494  0.000222  0.000000  0.000000  
58809.355469  245.082306  0.000258  0.000000  0.000000  
60719.000000  246.607285  0.000292  0.000000  0.000000  
62620.351562  248.198029  0.000320  0.000000  0.000000  
64509.433594  249.794556  0.000342  0.000000  0.000000  
66382.664062  251.361206  0.000358  0.000000  0.000000  
68236.796875  252.848999  0.000370  0.000000  0.000000  
70068.835938  254.216980  0.000383  0.000000  0.000000  
71875.968750  255.477295  0.000400  0.000000  0.000000  
73655.218750  256.662567  0.000422  0.000000  0.000000  
75403.429688  257.770294  0.000445  0.000000  0.000000  
77117.742188  258.773926  0.000474  0.000000  0.000000  
78795.195312  259.681091  0.000518  0.000000  0.000000  
80432.562500  260.616150  0.000559  0.000000  0.000000  
82028.976562  260.657715  0.000733  0.000000  0.000005  
83585.828125  259.987610  0.001045  0.000000  0.000095  
85100.382812  259.699097  0.001403  0.000000  0.000151  
86565.593750  260.223572  0.001615  0.000000  0.000154  
87974.710938  261.191650  0.001720  0.000000  0.000105  
89323.593750  262.165466  0.001800  0.000000  0.000057  
90609.437500  263.124268  0.001855  0.000000  0.000025  
91829.718750  264.058533  0.001891  0.000000  0.000008  
92982.101562  264.960541  0.001913  0.000000  0.000001  
94064.304688  265.815216  0.001929  0.000000  0.000000  
95074.421875  266.611420  0.001942  0.000000  0.000000  
96010.593750  267.346863  0.001955  0.000000  0.000000  
96871.140625  268.021240  0.001968  0.000000  0.000000  
97654.468750  268.635040  0.001981  0.000000  0.000000  
98359.164062  269.188721  0.001995  0.000000  0.000000  
98983.960938  269.682709  0.002009  0.000000  0.000000  
99527.687500  270.119202  0.002025  0.000000  0.000000  
99989.414062  270.504669  0.002048  0.000000  0.000000  
100368.250000  270.849609  0.002081  0.000000  0.000000  
100663.523438  271.180145  0.002139  0.000000  0.000000  
100874.664062  271.593353  0.002271  0.000000  0.000000  
