 #baseprofiles
 #height rhobf
   12.5  0.12710932191089752E+01
   37.5  0.12679111363179754E+01
   62.5  0.12647351523167882E+01
   87.5  0.12615652589995652E+01
  112.5  0.12584014482664461E+01
  137.5  0.12552437120235784E+01
  162.5  0.12520920421831245E+01
  187.5  0.12489464306632410E+01
  212.5  0.12458068693880702E+01
  237.5  0.12426733502877931E+01
  262.5  0.12395458652985574E+01
  287.5  0.12364244063625252E+01
  312.5  0.12333089654278540E+01
  337.5  0.12301995344486980E+01
  362.5  0.12270961053852041E+01
  387.5  0.12239986702035215E+01
  412.5  0.12209072208758018E+01
  437.5  0.12178217493801604E+01
  462.5  0.12147422477007381E+01
  487.5  0.12116687078276567E+01
  512.5  0.12086011217570101E+01
  537.5  0.12055394814909119E+01
  562.5  0.12024837790374510E+01
  587.5  0.11994340064106999E+01
  612.5  0.11963901556307246E+01
  637.5  0.11933522187235777E+01
  662.5  0.11903201877212948E+01
  687.5  0.11872940546618957E+01
  712.5  0.11842738115893789E+01
  737.5  0.11812594505537461E+01
  762.5  0.11782509636109539E+01
  787.5  0.11752483428229525E+01
  812.5  0.11722515802576776E+01
  837.5  0.11692606679890281E+01
  862.5  0.11662755980969055E+01
  887.5  0.11632963626671524E+01
  912.5  0.11603229537916226E+01
  937.5  0.11573553635681271E+01
  962.5  0.11543935841004556E+01
  987.5  0.11514376074983697E+01
 1012.5  0.11484874258775992E+01
 1037.5  0.11455430313598554E+01
 1062.5  0.11426044160728195E+01
 1087.5  0.11396715721501265E+01
 1112.5  0.11367444917313985E+01
 1137.5  0.11338231669622194E+01
 1162.5  0.11309075899941388E+01
 1187.5  0.11279977529846688E+01
 1212.5  0.11250936480972953E+01
 1237.5  0.11221952675014566E+01
 1262.5  0.11193026033725646E+01
 1287.5  0.11164156478919949E+01
 1312.5  0.11135343932470663E+01
 1337.5  0.11106588316310841E+01
 1362.5  0.11077889552432922E+01
 1387.5  0.11049247562889000E+01
 1412.5  0.11020662269790735E+01
 1437.5  0.10992133595309446E+01
 1462.5  0.10963661461675858E+01
 1487.5  0.10935245791180344E+01
 1512.5  0.10906886506172775E+01
 1537.5  0.10878583529062600E+01
 1562.5  0.10850336782318655E+01
 1587.5  0.10822146188469468E+01
 1612.5  0.10794011670102941E+01
 1637.5  0.10765933149866544E+01
 1662.5  0.10737910550467147E+01
 1687.5  0.10709943794671148E+01
 1712.5  0.10682032805304387E+01
 1737.5  0.10654177505252242E+01
 1762.5  0.10626377817459376E+01
 1787.5  0.10598633664929984E+01
 1812.5  0.10570944970727727E+01
 1837.5  0.10543311657975565E+01
 1862.5  0.10515733649855943E+01
 1887.5  0.10488210869610712E+01
 1912.5  0.10460743240541106E+01
 1937.5  0.10433330686007660E+01
 1962.5  0.10405973129430430E+01
 1987.5  0.10378670494288653E+01
 2012.5  0.10351422704121001E+01
 2037.5  0.10324229682525565E+01
 2062.5  0.10297091353159613E+01
 2087.5  0.10270007639739849E+01
 2112.5  0.10242978466042265E+01
 2137.5  0.10216003755902157E+01
 2162.5  0.10189083433214015E+01
 2187.5  0.10162217421931796E+01
 2212.5  0.10135405646068587E+01
 2237.5  0.10108648029696814E+01
 2262.5  0.10081944496948121E+01
 2287.5  0.10055294972013344E+01
 2312.5  0.10028699379142771E+01
 2337.5  0.10002157642645642E+01
 2362.5  0.99756696868905714E+00
 2387.5  0.99492354363053392E+00
 2412.5  0.99228548153769625E+00
 2437.5  0.98965277486515801E+00
 2462.5  0.98702541607346073E+00
 2487.5  0.98440339762905582E+00
 2512.5  0.98178671200430911E+00
 2537.5  0.97917535167750558E+00
 2562.5  0.97656930913283979E+00
 2587.5  0.97396857686043048E+00
 2612.5  0.97137314735629798E+00
 2637.5  0.96878301312237503E+00
 2662.5  0.96619816666650882E+00
 2687.5  0.96361860050245196E+00
 2712.5  0.96104430714986844E+00
 2737.5  0.95847527913433150E+00
 2762.5  0.95591150898730959E+00
 2787.5  0.95335298924619594E+00
 2812.5  0.95079971245426909E+00
 2837.5  0.94825167116072062E+00
 2862.5  0.94570885792064596E+00
 2887.5  0.94317126529504214E+00
 2912.5  0.94063888585079936E+00
 2937.5  0.93811171216071654E+00
 2962.5  0.93558973680348612E+00
 2987.5  0.93307295236370114E+00
 3012.5  0.93056135143185270E+00
 3037.5  0.92805492660432387E+00
 3062.5  0.92555367048338943E+00
 3087.5  0.92305757567723346E+00
 3112.5  0.92056663479991341E+00
 3137.5  0.91808084047139304E+00
 3162.5  0.91560018531752729E+00
 3187.5  0.91312466197004594E+00
 3212.5  0.91065426306658503E+00
 3237.5  0.90818898125066305E+00
 3262.5  0.90572880917167864E+00
 3287.5  0.90327373948492884E+00
 3312.5  0.90082376485159166E+00
 3337.5  0.89837887793871851E+00
 3362.5  0.89593907141926499E+00
 3387.5  0.89350433797205231E+00
 3412.5  0.89107467028179133E+00
 3437.5  0.88865006103906785E+00
 3462.5  0.88623050294035044E+00
 3487.5  0.88381598868798472E+00
 3512.5  0.88140651099020062E+00
 3537.5  0.87900206256109414E+00
 3562.5  0.87660263612063960E+00
 3587.5  0.87420822439469470E+00
 3612.5  0.87181882011498035E+00
 3637.5  0.86943441601909344E+00
 3662.5  0.86705500485050713E+00
 3687.5  0.86468057935855991E+00
 3712.5  0.86231113229846124E+00
 3737.5  0.85994665643128498E+00
 3762.5  0.85758714452398643E+00
 3787.5  0.85523258934937163E+00
 3812.5  0.85288298368612570E+00
 3837.5  0.85053832031878807E+00
 3862.5  0.84819859203776837E+00
 3887.5  0.84586379163933823E+00
 3912.5  0.84353391192563254E+00
 3937.5  0.84120894570464022E+00
 3962.5  0.83888888579022314E+00
 3987.5  0.83657372500208516E+00
 4012.5  0.83426345616580522E+00
 4037.5  0.83195807211280870E+00
 4062.5  0.82965756568037718E+00
 4087.5  0.82736192971165001E+00
 4112.5  0.82507115705562972E+00
 4137.5  0.82278524056714986E+00
 4162.5  0.82050417310691970E+00
 4187.5  0.81822794754148753E+00
 4212.5  0.81595655674324596E+00
 4237.5  0.81368999359045602E+00
 4262.5  0.81142825096720506E+00
 4287.5  0.80917132176344730E+00
 4312.5  0.80691919887496510E+00
 4337.5  0.80467187520340300E+00
 4362.5  0.80242934365623386E+00
 4387.5  0.80019159714678834E+00
 4412.5  0.79795862859422773E+00
 4437.5  0.79573043092356710E+00
 4462.5  0.79350699706564598E+00
 4487.5  0.79128831995715754E+00
 4512.5  0.78907439254062239E+00
 4537.5  0.78686520776441038E+00
 4562.5  0.78466075858271789E+00
 4587.5  0.78246103795557764E+00
 4612.5  0.78026603884885914E+00
 4637.5  0.77807575423427022E+00
 4662.5  0.77589017708934171E+00
 4687.5  0.77370930039743524E+00
 4712.5  0.77153311714775930E+00
 4737.5  0.76936162033533562E+00
 4762.5  0.76719480296101339E+00
 4787.5  0.76503265803147902E+00
 4812.5  0.76287517855924414E+00
 4837.5  0.76072235756263729E+00
 4862.5  0.75857418806582388E+00
 4887.5  0.75643066309877471E+00
