cold air outbreak using constant dz = 25.0 m, Nlev =  196
height       thl       qt              u            v            tke
      12.5000      270.688   0.00214900      2.77751     -12.9717      1.00000
      37.5000      270.557   0.00207600      3.00373     -14.1625      1.00000
      62.5000      270.511   0.00204600      3.08533     -14.6298      1.00000
      87.5000      270.490   0.00202900      3.12833     -14.8897      1.00000
      112.500      270.478   0.00201800      3.15763     -15.0708      1.00000
      137.500      270.470   0.00200800      3.18123     -15.2183      1.00000
      162.500      270.466   0.00200000      3.19716     -15.3182      1.00000
      187.500      270.464   0.00199300      3.21110     -15.4059      1.00000
      212.500      270.463   0.00198600      3.22036     -15.4654      1.00000
      237.500      270.463   0.00198000      3.22896     -15.5205      1.00000
      262.500      270.464   0.00197500      3.23420     -15.5530      1.00000
      287.500      270.466   0.00196900      3.23944     -15.5856      1.00000
      312.500      270.468   0.00196400      3.24295     -15.6042      1.00000
      337.500      270.471   0.00196000      3.24593     -15.6186      1.00000
      362.500      270.474   0.00195500      3.24880     -15.6318      1.00000
      387.500      270.478   0.00195000      3.25072     -15.6342      1.00000
      412.500      270.482   0.00194600      3.25264     -15.6365      1.00000
      437.500      270.487   0.00194200      3.25452     -15.6375      1.00000
      462.500      270.492   0.00193800      3.25623     -15.6321      1.00000
      487.500      270.497   0.00193300      3.25794     -15.6267      1.00000
      512.500      270.502   0.00192900      3.25965     -15.6212      1.00000
      537.500      270.507   0.00192500      3.26184     -15.6116      1.00000
      562.500      270.513   0.00192100      3.26404     -15.6018      1.00000
      587.500      270.519   0.00191700      3.26624     -15.5920      1.00000
      612.500      270.525   0.00191200      3.26898     -15.5814      1.00000
      637.500      270.532   0.00190800      3.27226     -15.5701      1.00000
      662.500      270.539   0.00190400      3.27554     -15.5587      1.00000
      687.500      270.545   0.00190000      3.27882     -15.5474      1.00000
      712.500      270.553   0.00189500      3.28322     -15.5370      1.00000
      737.500      270.561   0.00189000      3.28796     -15.5269      1.00000
      762.500      270.568   0.00188600      3.29270     -15.5168      1.00000
      787.500      270.576   0.00188100      3.29744     -15.5067      1.00000
      812.500      270.585   0.00187600      3.30358     -15.5000      1.00000
      837.500      270.593   0.00187000      3.31014     -15.4943      1.00000
      862.500      270.602   0.00186500      3.31670     -15.4887      1.00000
      887.500      270.611   0.00186000      3.32326     -15.4830      1.00000
      912.500      270.621   0.00185300      3.33073     -15.4819      1.00000
      937.500      270.632   0.00184600      3.33911     -15.4853      1.00000
      962.500      270.644   0.00183900      3.34750     -15.4887      1.00000
      987.500      270.655   0.00183200      3.35588     -15.4921      1.00000
      1012.50      270.666   0.00182500      3.36426     -15.4955      1.00000
      1037.50      270.691   0.00181300      3.37381     -15.5159      1.00000
      1062.50      270.716   0.00180200      3.38339     -15.5369      1.00000
      1087.50      270.742   0.00179000      3.39298     -15.5579      1.00000
      1112.50      270.767   0.00177800      3.40256     -15.5789      1.00000
      1137.50      270.814   0.00176100      3.41158     -15.6046      1.00000
      1162.50      270.968   0.00171900      3.41777     -15.6535      1.00000
      1187.50      271.123   0.00167700      3.42396     -15.7023      1.00000
      1212.50      271.277   0.00163400      3.43015     -15.7512      1.00000
      1237.50      271.432   0.00159200      3.43633     -15.8001      1.00000
      1262.50      271.605   0.00154600      3.44092     -15.8630      1.00000
      1287.50      271.951   0.00146900      3.43109     -16.0526      1.00000
      1312.50      272.296   0.00139100      3.42126     -16.2421      1.00000
      1337.50      272.641   0.00131300      3.41143     -16.4317      1.00000
      1362.50      272.987   0.00123600      3.40160     -16.6213      1.00000
      1387.50      273.332   0.00115800      3.39177     -16.8108      1.00000
      1412.50      273.742   0.00108500      3.35967     -17.0714      1.00000
      1437.50      274.171   0.00101300      3.32080     -17.3536      1.00000
      1462.50      274.601  0.000942000      3.28193     -17.6357      1.00000
      1487.50      275.030  0.000870000      3.24306     -17.9179      1.00000
      1512.50      275.460  0.000798000      3.20418     -18.2000      1.00000
      1537.50      275.861  0.000733000      3.16909     -18.4644      1.00000
      1562.50      276.120  0.000703000      3.15289     -18.6396      1.00000
      1587.50      276.380  0.000672000      3.13669     -18.8149      1.00000
      1612.50      276.639  0.000642000      3.12049     -18.9901      1.00000
      1637.50      276.899  0.000611000      3.10429     -19.1654      1.00000
      1662.50      277.158  0.000581000      3.08809     -19.3406      1.00000
      1687.50      277.371  0.000557000      3.06693     -19.4986      1.00000
      1712.50      277.474  0.000550000      3.03418     -19.6160      1.00000
      1737.50      277.577  0.000544000      3.00143     -19.7335      1.00000
      1762.50      277.680  0.000537000      2.96868     -19.8510      1.00000
      1787.50      277.784  0.000530000      2.93593     -19.9684      1.00000
      1812.50      277.887  0.000523000      2.90318     -20.0859      1.00000
      1837.50      277.992  0.000517000      2.87597     -20.2002      1.00000
      1862.50      278.107  0.000510000      2.87639     -20.2983      1.00000
      1887.50      278.222  0.000503000      2.87682     -20.3965      1.00000
      1912.50      278.337  0.000496000      2.87724     -20.4947      1.00000
      1937.50      278.452  0.000489000      2.87767     -20.5929      1.00000
      1962.50      278.568  0.000482000      2.87809     -20.6911      1.00000
      1987.50      278.683  0.000476000      2.87852     -20.7893      1.00000
      2012.50      278.791  0.000471000      2.87667     -20.8755      1.00000
      2037.50      278.897  0.000466000      2.87414     -20.9579      1.00000
      2062.50      279.003  0.000462000      2.87161     -21.0404      1.00000
      2087.50      279.109  0.000458000      2.86908     -21.1228      1.00000
      2112.50      279.215  0.000453000      2.86655     -21.2053      1.00000
      2137.50      279.321  0.000449000      2.86402     -21.2877      1.00000
      2162.50      279.427  0.000445000      2.86042     -21.3665      1.00000
      2187.50      279.523  0.000442000      2.84718     -21.4123      1.00000
      2212.50      279.620  0.000438000      2.83394     -21.4581      1.00000
      2237.50      279.716  0.000435000      2.82070     -21.5039      1.00000
      2262.50      279.813  0.000431000      2.80746     -21.5497      1.00000
      2287.50      279.909  0.000428000      2.79422     -21.5955      1.00000
      2312.50      280.006  0.000424000      2.78098     -21.6414      1.00000
      2337.50      280.102  0.000421000      2.76548     -21.6812      1.00000
      2362.50      280.194  0.000418000      2.73867     -21.6910      1.00000
      2387.50      280.285  0.000415000      2.71187     -21.7009      1.00000
      2412.50      280.377  0.000412000      2.68506     -21.7108      1.00000
      2437.50      280.469  0.000409000      2.65825     -21.7206      1.00000
      2462.50      280.561  0.000406000      2.63145     -21.7305      1.00000
      2487.50      280.652  0.000404000      2.60464     -21.7404      1.00000
      2512.50      280.744  0.000401000      2.57783     -21.7503      1.00000
      2537.50      280.832  0.000398000      2.54880     -21.7382      1.00000
      2562.50      280.919  0.000396000      2.51970     -21.7253      1.00000
      2587.50      281.007  0.000393000      2.49060     -21.7124      1.00000
      2612.50      281.095  0.000391000      2.46149     -21.6996      1.00000
      2637.50      281.182  0.000389000      2.43239     -21.6867      1.00000
      2662.50      281.270  0.000386000      2.40329     -21.6739      1.00000
      2687.50      281.358  0.000384000      2.37418     -21.6610      1.00000
      2712.50      281.441  0.000382000      2.35459     -21.6395      1.00000
      2737.50      281.520  0.000380000      2.34451     -21.6094      1.00000
      2762.50      281.599  0.000379000      2.33443     -21.5793      1.00000
      2787.50      281.678  0.000377000      2.32435     -21.5492      1.00000
      2812.50      281.757  0.000375000      2.31427     -21.5191      1.00000
      2837.50      281.836  0.000373000      2.30419     -21.4890      1.00000
      2862.50      281.916  0.000372000      2.29411     -21.4588      1.00000
      2887.50      281.995  0.000370000      2.28403     -21.4287      1.00000
      2912.50      282.066  0.000368000      2.29331     -21.3894      1.00000
      2937.50      282.136  0.000367000      2.30849     -21.3473      1.00000
      2962.50      282.205  0.000365000      2.32366     -21.3052      1.00000
      2987.50      282.275  0.000364000      2.33884     -21.2631      1.00000
      3012.50      282.344  0.000362000      2.35402     -21.2210      1.00000
      3037.50      282.413  0.000361020      2.36919     -21.1789      1.00000
      3062.50      282.483  0.000359116      2.38437     -21.1369      1.00000
      3087.50      282.552  0.000358115      2.39955     -21.0948      1.00000
      3112.50      282.619  0.000356377      2.41802     -21.0550      1.00000
      3137.50      282.685  0.000354558      2.43729     -21.0159      1.00000
      3162.50      282.750  0.000352157      2.45665     -20.9768      1.00000
      3187.50      282.816  0.000350015      2.47601     -20.9377      1.00000
      3212.50      282.882  0.000348288      2.49537     -20.8986      1.00000
      3237.50      282.948  0.000346589      2.51473     -20.8595      1.00000
      3262.50      283.014  0.000344876      2.53409     -20.8204      1.00000
      3287.50      283.079  0.000342415      2.55345     -20.7814      1.00000
      3312.50      283.147  0.000339994      2.55884     -20.7544      1.00000
      3337.50      283.216  0.000337609      2.55781     -20.7330      1.00000
      3362.50      283.285  0.000335259      2.55427     -20.7137      1.00000
      3387.50      283.354  0.000332921      2.55073     -20.6945      1.00000
      3412.50      283.423  0.000329890      2.54718     -20.6753      1.00000
      3437.50      283.492  0.000327425      2.54364     -20.6561      1.00000
      3462.50      283.561  0.000324949      2.54010     -20.6368      1.00000
      3487.50      283.630  0.000322035      2.53655     -20.6176      1.00000
      3512.50      283.701  0.000319883      2.52999     -20.6044      1.00000
      3537.50      283.775  0.000316943      2.51854     -20.6009      1.00000
      3562.50      283.852  0.000313562      2.50368     -20.6041      1.00000
      3587.50      283.929  0.000310817      2.48883     -20.6073      1.00000
      3612.50      284.005  0.000307636      2.47398     -20.6105      1.00000
      3637.50      284.082  0.000304285      2.45913     -20.6138      1.00000
      3662.50      284.159  0.000300986      2.44428     -20.6170      1.00000
      3687.50      284.236  0.000297733      2.42943     -20.6202      1.00000
      3712.50      284.313  0.000294508      2.41474     -20.6246      1.00000
      3737.50      284.396  0.000291338      2.40094     -20.6350      1.00000
      3762.50      284.483  0.000287843      2.38817     -20.6524      1.00000
      3787.50      284.575  0.000284113      2.37614     -20.6749      1.00000
      3812.50      284.667  0.000280454      2.36411     -20.6975      1.00000
      3837.50      284.759  0.000276820      2.35208     -20.7200      1.00000
      3862.50      284.851  0.000273235      2.34005     -20.7425      1.00000
      3887.50      284.943  0.000269311      2.32802     -20.7650      1.00000
      3912.50      285.034  0.000265210      2.31599     -20.7875      1.00000
      3937.50      285.126  0.000261730      2.30396     -20.8100      1.00000
      3962.50      285.220  0.000258181      2.29434     -20.8346      1.00000
      3987.50      285.323  0.000254239      2.29389     -20.8671      1.00000
      4012.50      285.427  0.000250331      2.29377     -20.8999      1.00000
      4037.50      285.530  0.000246466      2.29406     -20.9330      1.00000
      4062.50      285.634  0.000242649      2.29436     -20.9662      1.00000
      4087.50      285.737  0.000238860      2.29466     -20.9993      1.00000
      4112.50      285.841  0.000234719      2.29496     -21.0325      1.00000
      4137.50      285.945  0.000230474      2.29526     -21.0656      1.00000
      4162.50      286.048  0.000226765      2.29556     -21.0988      1.00000
      4187.50      286.152  0.000223123      2.29586     -21.1319      1.00000
      4212.50      286.261  0.000219550      2.30153     -21.1647      1.00000
      4237.50      286.370  0.000215978      2.30739     -21.1975      1.00000
      4262.50      286.480  0.000211978      2.31388     -21.2303      1.00000
      4287.50      286.590  0.000207981      2.32036     -21.2630      1.00000
      4312.50      286.699  0.000204549      2.32685     -21.2958      1.00000
      4337.50      286.809  0.000201118      2.33334     -21.3285      1.00000
      4362.50      286.919  0.000197287      2.33983     -21.3612      1.00000
      4387.50      287.029  0.000193442      2.34632     -21.3940      1.00000
      4412.50      287.139  0.000190081      2.35351     -21.4257      1.00000
      4437.50      287.249  0.000186783      2.36080     -21.4573      1.00000
      4462.50      287.362  0.000183534      2.37069     -21.4852      1.00000
      4487.50      287.475  0.000180300      2.38139     -21.5119      1.00000
      4512.50      287.588  0.000177104      2.39210     -21.5386      1.00000
      4537.50      287.702  0.000173934      2.40280     -21.5653      1.00000
      4562.50      287.815  0.000170961      2.41350     -21.5921      1.00000
      4587.50      287.928  0.000168297      2.42420     -21.6188      1.00000
      4612.50      288.041  0.000165520      2.43490     -21.6455      1.00000
      4637.50      288.155  0.000162038      2.44560     -21.6722      1.00000
      4662.50      288.268  0.000158555      2.45630     -21.6989      1.00000
      4687.50      288.382  0.000155848      2.46870     -21.7233      1.00000
      4712.50      288.497  0.000153287      2.48142     -21.7473      1.00000
      4737.50      288.612  0.000150751      2.49445     -21.7709      1.00000
      4762.50      288.728  0.000148241      2.50778     -21.7941      1.00000
      4787.50      288.843  0.000145692      2.52111     -21.8172      1.00000
      4812.50      288.958  0.000142821      2.53444     -21.8404      1.00000
      4837.50      289.074  0.000139949      2.54777     -21.8636      1.00000
      4862.50      289.189  0.000137385      2.56110     -21.8867      1.00000
      4887.50      289.304  0.000134972      2.57443     -21.9099      1.00000
