# 
#     height           ug           vg         wfls      dqtdxls      dqtdyls      dqtdtls      dthlrad
         7.5     -14.9812            0 -3.72202e-05            0            0            0            0
        22.5     -14.9437            0 -0.000110006            0            0            0            0
       37.65     -14.9059            0 -0.000181337            0            0            0            0
     52.9515     -14.8676            0  -0.00025122            0            0            0            0
      68.406      -14.829            0 -0.000319665            0            0            0            0
     84.0151       -14.79            0 -0.000386679            0            0            0            0
     99.7802     -14.7505            0 -0.000452273            0            0            0            0
     115.703     -14.7107            0 -0.000516457            0            0            0            0
     131.785     -14.6705            0 -0.000579241            0            0            0            0
     148.028     -14.6299            0 -0.000640635            0            0            0            0
     164.433     -14.5889            0 -0.000700652            0            0            0            0
     181.003     -14.5475            0 -0.000759303            0            0            0            0
     197.738     -14.5057            0   -0.0008166            0            0            0            0
      214.64     -14.4634            0 -0.000872556            0            0            0            0
     231.711     -14.4207            0 -0.000927183            0            0            0            0
     248.953     -14.3776            0 -0.000980496            0            0            0            0
     266.368     -14.3341            0  -0.00103251            0            0            0            0
     283.957     -14.2901            0  -0.00108323            0            0            0            0
     301.721     -14.2457            0  -0.00113269            0            0            0            0
     319.663     -14.2008            0  -0.00118088            0            0            0            0
     337.785     -14.1555            0  -0.00122783            0            0            0            0
     356.088     -14.1098            0  -0.00127356            0            0            0            0
     374.574     -14.0636            0  -0.00131808            0            0            0            0
     393.245     -14.0169            0   -0.0013614            0            0            0            0
     412.102     -13.9697            0  -0.00140354            0            0            0            0
     431.148     -13.9221            0  -0.00144452            0            0            0            0
     450.384      -13.874            0  -0.00148436            0            0            0            0
     469.813     -13.8255            0  -0.00152307            0            0            0            0
     489.436     -13.7764            0  -0.00156066            0            0            0            0
     509.256     -13.7269            0  -0.00159717            0            0            0            0
     529.273     -13.6768            0   -0.0016326            0            0            0            0
     549.491     -13.6263            0  -0.00166697            0            0            0            0
     569.911     -13.5752            0  -0.00170031            0            0            0            0
     590.535     -13.5237            0  -0.00173262            0            0            0            0
     611.365     -13.4716            0  -0.00176394            0            0            0            0
     632.404      -13.419            0  -0.00179427            0            0            0            0
     653.653     -13.3659            0  -0.00182363            0            0            0            0
     675.115     -13.3122            0  -0.00185205            0            0            0            0
     696.791      -13.258            0  -0.00187954            0            0            0            0
     718.684     -13.2033            0  -0.00190612            0            0            0            0
     740.796      -13.148            0  -0.00193181            0            0            0            0
     763.129     -13.0922            0  -0.00195663            0            0            0            0
     785.685     -13.0358            0   -0.0019806            0            0            0            0
     808.467     -12.9788            0  -0.00200373            0            0            0            0
     831.476     -12.9213            0  -0.00202605            0            0            0            0
     854.716     -12.8632            0  -0.00204758            0            0            0            0
     878.188     -12.8045            0  -0.00206833            0            0            0            0
     901.895     -12.7453            0  -0.00208832            0            0            0            0
     925.839     -12.6854            0  -0.00210757            0            0            0            0
     950.023     -12.6249            0   -0.0021261            0            0            0            0
     974.448     -12.5639            0  -0.00214392            0            0            0            0
     999.117     -12.5022            0  -0.00216106            0            0            0            0
     1024.03     -12.4399            0  -0.00217754            0            0            0            0
      1049.2      -12.377            0  -0.00219337            0            0            0            0
     1074.62     -12.3135            0  -0.00220857            0            0            0            0
     1100.29     -12.2493            0  -0.00222315            0            0            0            0
     1126.21     -12.1845            0  -0.00223714            0            0            0            0
      1152.4      -12.119            0  -0.00225055            0            0            0            0
     1178.85     -12.0529            0  -0.00226341            0            0            0            0
     1205.56     -11.9861            0  -0.00227572            0            0            0            0
     1232.55     -11.9186            0   -0.0022875            0            0            0            0
      1259.8     -11.8505            0  -0.00229877            0            0            0            0
     1287.32     -11.7817            0  -0.00230955            0            0            0            0
     1315.12     -11.7122            0  -0.00231985            0            0            0            0
     1343.19      -11.642            0  -0.00232968            0            0            0            0
     1371.55     -11.5711            0  -0.00233907            0            0            0            0
     1400.19     -11.4995            0  -0.00234803            0            0            0            0
     1429.12     -11.4272            0  -0.00235658            0            0            0            0
     1458.33     -11.3542            0  -0.00236472            0            0            0            0
     1487.84     -11.2804            0  -0.00237247            0            0            0            0
     1517.65     -11.2059            0  -0.00237985            0            0            0            0
     1547.75     -11.1306            0  -0.00238687            0            0            0            0
     1578.15     -11.0546            0  -0.00239354            0            0            0            0
     1608.86     -10.9779            0  -0.00239988            0            0            0            0
     1639.87     -10.9003            0   -0.0024059            0            0            0            0
     1671.19      -10.822            0  -0.00241162            0            0            0            0
     1702.83     -10.7429            0  -0.00241704            0            0            0            0
     1734.78      -10.663            0  -0.00242217            0            0            0            0
     1767.06     -10.5824            0  -0.00242704            0            0            0            0
     1799.65     -10.5009            0  -0.00243164            0            0            0            0
     1832.57     -10.4186            0    -0.002436            0            0            0            0
     1865.82     -10.3354            0  -0.00244012            0            0            0            0
     1899.41     -10.2515            0  -0.00244401            0            0            0            0
     1933.33     -10.1667            0  -0.00244768            0            0            0            0
     1967.58      -10.081            0  -0.00245114            0            0            0            0
     2002.18     -9.99454            0  -0.00245441            0            0            0            0
     2037.13     -9.90717            0  -0.00245749            0            0            0            0
     2072.43     -9.81893            0  -0.00246039            0            0            0            0
     2108.08     -9.72981            0  -0.00246311            0            0            0            0
     2144.08     -9.63979            0  -0.00246567            0            0            0            0
     2180.45     -9.54888            0  -0.00246808            0            0            0            0
     2217.18     -9.45705            0  -0.00247034            0            0            0            0
     2254.28     -9.36431            0  -0.00247246            0            0            0            0
     2291.74     -9.27064            0  -0.00247445            0            0            0            0
     2329.59     -9.17604            0  -0.00247631            0            0            0            0
     2367.81     -9.08048            0  -0.00247806            0            0            0            0
     2406.41     -8.98398            0  -0.00247969            0            0            0            0
      2445.4      -8.8865            0  -0.00248121            0            0            0            0
     2484.78     -8.78806            0  -0.00248263            0            0            0            0
     2524.55     -8.68862            0  -0.00248396            0            0            0            0
     2564.72      -8.5882            0   -0.0024852            0            0            0            0
     2605.29     -8.48677            0  -0.00248635            0            0            0            0
     2646.27     -8.38432            0  -0.00248743            0            0            0            0
     2687.66     -8.28085            0  -0.00248843            0            0            0            0
     2729.46     -8.17635            0  -0.00248935            0            0            0            0
     2771.68      -8.0708            0  -0.00249022            0            0            0            0
     2814.32      -7.9642            0  -0.00249102            0            0            0            0
     2857.39     -7.85653            0  -0.00249176            0            0            0            0
     2900.89     -7.74778            0  -0.00249244            0            0            0            0
     2944.82     -7.63794            0  -0.00249308            0            0            0            0
      2989.2     -7.52701            0  -0.00249367            0            0            0            0
     3034.01     -7.41497            0  -0.00249421            0            0            0            0
     3079.28     -7.30181            0  -0.00249471            0            0            0            0
        3125     -7.18751            0  -0.00249517            0            0            0            0
     3171.17     -7.07207            0   -0.0024956            0            0            0            0
     3217.81     -6.95548            0  -0.00249599            0            0            0            0
     3264.91     -6.83772            0  -0.00249635            0            0            0            0
     3312.48     -6.71879            0  -0.00249668            0            0            0            0
     3360.53     -6.59866            0  -0.00249699            0            0            0            0
     3409.06     -6.47734            0  -0.00249727            0            0            0            0
     3458.08      -6.3548            0  -0.00249752            0            0            0            0
     3507.59     -6.23103            0  -0.00249775            0            0            0            0
     3557.59     -6.10603            0  -0.00249797            0            0            0            0
     3608.09     -5.97978            0  -0.00249816            0            0            0            0
     3659.09     -5.85227            0  -0.00249834            0            0            0            0
     3710.61     -5.72348            0   -0.0024985            0            0            0            0
     3762.64      -5.5934            0  -0.00249865            0            0            0            0
     3815.19     -5.46202            0  -0.00249879            0            0            0            0
     3868.27     -5.32933            0  -0.00249891            0            0            0            0
     3921.88     -5.19531            0  -0.00249902            0            0            0            0
     3976.02     -5.05995            0  -0.00249912            0            0            0            0
     4030.71     -4.92324            0  -0.00249921            0            0            0            0
     4085.94     -4.78516            0  -0.00249929            0            0            0            0
     4141.72     -4.64569            0  -0.00249937            0            0            0            0
     4198.06     -4.50484            0  -0.00249944            0            0            0            0
     4254.97     -4.36257            0   -0.0024995            0            0            0            0
     4312.44     -4.21889            0  -0.00249955            0            0            0            0
     4370.49     -4.07376            0   -0.0024996            0            0            0            0
     4429.12     -3.92719            0  -0.00249964            0            0            0            0
     4488.34     -3.77915            0  -0.00249968            0            0            0            0
     4548.15     -3.62963            0  -0.00249972            0            0            0            0
     4608.56     -3.47861            0  -0.00249975            0            0            0            0
     4669.57     -3.32609            0  -0.00249978            0            0            0            0
     4731.19     -3.17203            0  -0.00249981            0            0            0            0
     4793.42     -3.01644            0  -0.00249983            0            0            0            0
     4856.28     -2.85929            0  -0.00249985            0            0            0            0
     4919.77     -2.70057            0  -0.00249987            0            0            0            0
     4983.89     -2.54027            0  -0.00249988            0            0            0            0
     5048.66     -2.37836            0   -0.0024999            0            0            0            0
     5114.07     -2.21483            0  -0.00249991            0            0            0            0
     5180.13     -2.04966            0  -0.00249992            0            0            0            0
     5246.86     -1.88285            0  -0.00249993            0            0            0            0
     5314.25     -1.71436            0  -0.00249994            0            0            0            0
     5382.32      -1.5442            0  -0.00249995            0            0            0            0
     5451.07     -1.37232            0  -0.00249995            0            0            0            0
     5520.51     -1.19874            0  -0.00249996            0            0            0            0
     5590.64     -1.02341            0  -0.00249997            0            0            0            0
     5661.47    -0.846332            0  -0.00249997            0            0            0            0
     5733.01    -0.667483            0  -0.00249997            0            0            0            0
     5805.26    -0.486845            0  -0.00249998            0            0            0            0
     5878.24    -0.304401            0  -0.00249998            0            0            0            0
     5951.95    -0.120133            0  -0.00249998            0            0            0            0
     6026.39    0.0659785            0  -0.00249999            0            0            0            0
     6101.58     0.253951            0  -0.00249999            0            0            0            0
     6177.52     0.443803            0  -0.00249999            0            0            0            0
     6254.22     0.635553            0  -0.00249999            0            0            0            0
     6331.69     0.829221            0  -0.00249999            0            0            0            0
     6409.93      1.02483            0  -0.00249999            0            0            0            0
     6488.95      1.22239            0  -0.00249999            0            0            0            0
     6568.77      1.42192            0      -0.0025            0            0            0            0
     6649.38      1.62345            0      -0.0025            0            0            0            0
      6730.8        1.827            0      -0.0025            0            0            0            0
     6813.03      2.03258            0      -0.0025            0            0            0            0
     6896.09      2.24022            0      -0.0025            0            0            0            0
     6979.98      2.44994            0      -0.0025            0            0            0            0
