# 
#     height         th_l          q_t            u            v          TKE
         7.5       297.35        0.011     -14.9812            0     0.998125
        22.5       297.35        0.011     -14.9437            0     0.994375
       37.65       297.35        0.011     -14.9059            0     0.990588
     52.9515       297.35        0.011     -14.8676            0     0.986762
      68.406       297.35        0.011      -14.829            0     0.982898
     84.0151       297.35        0.011       -14.79            0     0.978996
     99.7802       297.35        0.011     -14.7505            0     0.975055
     115.703       297.35        0.011     -14.7107            0     0.971074
     131.785       297.35        0.011     -14.6705            0     0.967054
     148.028       297.35        0.011     -14.6299            0     0.962993
     164.433       297.35        0.011     -14.5889            0     0.958892
     181.003       297.35        0.011     -14.5475            0     0.954749
     197.738       297.35        0.011     -14.5057            0     0.950566
      214.64       297.35        0.011     -14.4634            0      0.94634
     231.711       297.35        0.011     -14.4207            0     0.942072
     248.953       297.35        0.011     -14.3776            0     0.937762
     266.368       297.35        0.011     -14.3341            0     0.933408
     283.957       297.35        0.011     -14.2901            0     0.929011
     301.721       297.35        0.011     -14.2457            0      0.92457
     319.663       297.35        0.011     -14.2008            0     0.920084
     337.785       297.35        0.011     -14.1555            0     0.915554
     356.088       297.35        0.011     -14.1098            0     0.910978
     374.574       297.35        0.011     -14.0636            0     0.906357
     393.245       297.35        0.011     -14.0169            0     0.901689
     412.102       297.35        0.011     -13.9697            0     0.896975
     431.148       297.35        0.011     -13.9221            0     0.892213
     450.384       297.35        0.011      -13.874            0     0.887404
     469.813       297.35        0.011     -13.8255            0     0.882547
     489.436       297.35        0.011     -13.7764            0     0.877641
     509.256      297.403    0.0109593     -13.7269            0     0.872686
     529.273      297.517    0.0108719     -13.6768            0     0.867682
     549.491      297.632    0.0107844     -13.6263            0     0.862627
     569.911      297.748    0.0106967     -13.5752            0     0.857522
     590.535      297.866    0.0106088     -13.5237            0     0.852366
     611.365      297.985    0.0105207     -13.4716            0     0.847159
     632.404      298.105    0.0104326      -13.419            0     0.841899
     653.653      298.226    0.0103443     -13.3659            0     0.836587
     675.115      298.348    0.0102559     -13.3122            0     0.831221
     696.791      298.472    0.0101673      -13.258            0     0.825802
     718.684      298.596    0.0100787     -13.2033            0     0.820329
     740.796      298.723   0.00998992      -13.148            0     0.814801
     763.129       298.85   0.00990108     -13.0922            0     0.809218
     785.685      298.978   0.00981215     -13.0358            0     0.803579
     808.467      299.108   0.00972314     -12.9788            0     0.797883
     831.476      299.239   0.00963406     -12.9213            0     0.792131
     854.716      299.372   0.00954492     -12.8632            0     0.786321
     878.188      299.506   0.00945572     -12.8045            0     0.780453
     901.895      299.641   0.00936648     -12.7453            0     0.774526
     925.839      299.777    0.0092772     -12.6854            0      0.76854
     950.023      299.915   0.00918789     -12.6249            0     0.762494
     974.448      300.054   0.00909856     -12.5639            0     0.756388
     999.117      300.195   0.00900922     -12.5022            0     0.750221
     1024.03      300.337   0.00891987     -12.4399            0     0.743992
      1049.2       300.48   0.00883054      -12.377            0       0.7377
     1074.62      300.625   0.00874121     -12.3135            0     0.731346
     1100.29      300.772   0.00865191     -12.2493            0     0.724928
     1126.21      300.919   0.00856265     -12.1845            0     0.718446
      1152.4      301.069   0.00847342      -12.119            0       0.7119
     1178.85      301.219   0.00838425     -12.0529            0     0.705287
     1205.56      301.372   0.00829514     -11.9861            0     0.698609
     1232.55      301.526    0.0082061     -11.9186            0     0.691864
      1259.8      301.681   0.00811713     -11.8505            0     0.685051
     1287.32      301.838   0.00802826     -11.7817            0      0.67817
     1315.12      301.996   0.00793949     -11.7122            0     0.671221
     1343.19      302.156   0.00785082      -11.642            0     0.664202
     1371.55      302.318   0.00776227     -11.5711            0     0.657113
     1400.19      302.481   0.00767386     -11.4995            0     0.649952
     1429.12      302.646   0.00758558     -11.4272            0     0.642721
     1458.33      302.812   0.00749744     -11.3542            0     0.635417
     1487.84      302.981   0.00740947     -11.2804            0      0.62804
     1517.65      303.151   0.00732166     -11.2059            0     0.620589
     1547.75      303.322   0.00723403     -11.1306            0     0.613063
     1578.15      303.495   0.00714659     -11.0546            0     0.605463
     1608.86       303.67   0.00705935     -10.9779            0     0.597786
     1639.87      303.847   0.00697232     -10.9003            0     0.590033
     1671.19      304.026    0.0068855      -10.822            0     0.582202
     1702.83      304.206   0.00679892     -10.7429            0     0.574293
     1734.78      304.388   0.00671257      -10.663            0     0.566304
     1767.06      304.572   0.00662647     -10.5824            0     0.558236
     1799.65      304.758   0.00654064     -10.5009            0     0.550087
     1832.57      304.946   0.00645507     -10.4186            0     0.541857
     1865.82      305.135   0.00636979     -10.3354            0     0.533544
     1899.41      305.327   0.00628479     -10.2515            0     0.525148
     1933.33       305.52    0.0062001     -10.1667            0     0.516669
     1967.58      305.715   0.00611571      -10.081            0     0.508104
     2002.18      305.912   0.00603165     -9.99454            0     0.499454
     2037.13      306.112   0.00594793     -9.90717            0     0.490717
     2072.43      306.313   0.00586454     -9.81893            0     0.481893
     2108.08      306.516   0.00578151     -9.72981            0     0.472981
     2144.08      306.721   0.00569884     -9.63979            0     0.463979
     2180.45      306.929   0.00561654     -9.54888            0     0.454888
     2217.18      307.138   0.00553463     -9.45705            0     0.445705
     2254.28      307.349    0.0054531     -9.36431            0     0.436431
     2291.74      307.563   0.00537199     -9.27064            0     0.427064
     2329.59      307.779   0.00529128     -9.17604            0     0.417604
     2367.81      307.996   0.00521101     -9.08048            0     0.408048
     2406.41      308.217   0.00513116     -8.98398            0     0.398398
      2445.4      308.439   0.00505176      -8.8865            0      0.38865
     2484.78      308.663   0.00497281     -8.78806            0     0.378806
     2524.55       308.89   0.00489432     -8.68862            0     0.368862
     2564.72      309.119    0.0048163      -8.5882            0      0.35882
     2605.29       309.35   0.00473877     -8.48677            0     0.348677
     2646.27      309.584   0.00466173     -8.38432            0     0.338432
     2687.66       309.82   0.00458519     -8.28085            0     0.328085
     2729.46      310.058   0.00450916     -8.17635            0     0.317635
     2771.68      310.299   0.00443365      -8.0708            0      0.30708
     2814.32      310.542   0.00435867      -7.9642            0      0.29642
     2857.39      310.787   0.00428422     -7.85653            0     0.285653
     2900.89      311.035   0.00421032     -7.74778            0     0.274778
     2944.82      311.285   0.00413698     -7.63794            0     0.263794
      2989.2      311.538    0.0040642     -7.52701            0     0.252701
     3034.01      311.794   0.00399199     -7.41497            0     0.241497
     3079.28      312.052   0.00392036     -7.30181            0     0.230181
        3125      312.312   0.00384932     -7.18751            0     0.218751
     3171.17      312.576   0.00377888     -7.07207            0     0.207207
     3217.81      312.842   0.00370904     -6.95548            0     0.195548
     3264.91       313.11   0.00363981     -6.83772            0     0.183772
     3312.48      313.381    0.0035712     -6.71879            0     0.171879
     3360.53      313.655   0.00350322     -6.59866            0     0.159866
     3409.06      313.932   0.00343587     -6.47734            0     0.147734
     3458.08      314.211   0.00336916      -6.3548            0      0.13548
     3507.59      314.493    0.0033031     -6.23103            0     0.123103
     3557.59      314.778   0.00323769     -6.10603            0     0.110603
     3608.09      315.066   0.00317294     -5.97978            0     0.097978
     3659.09      315.357   0.00310887     -5.85227            0    0.0852266
     3710.61       315.65   0.00304546     -5.72348            0    0.0723476
     3762.64      315.947   0.00298273      -5.5934            0    0.0593398
     3815.19      316.247   0.00292069     -5.46202            0     0.046202
     3868.27      316.549   0.00285933     -5.32933            0    0.0329327
     3921.88      316.855   0.00279867     -5.19531            0    0.0195308
     3976.02      317.163   0.00273871     -5.05995            0   0.00599487
     4030.71      317.475   0.00267945     -4.92324            0        1e-08
     4085.94       317.79   0.00262091     -4.78516            0        1e-08
     4141.72      318.108   0.00256307     -4.64569            0        1e-08
     4198.06      318.429   0.00250595     -4.50484            0        1e-08
     4254.97      318.753   0.00244956     -4.36257            0        1e-08
     4312.44      319.081   0.00239388     -4.21889            0        1e-08
     4370.49      319.412   0.00233894     -4.07376            0        1e-08
     4429.12      319.746   0.00228472     -3.92719            0        1e-08
     4488.34      320.084   0.00223124     -3.77915            0        1e-08
     4548.15      320.424    0.0021785     -3.62963            0        1e-08
     4608.56      320.769   0.00212649     -3.47861            0        1e-08
     4669.57      321.117   0.00207522     -3.32609            0        1e-08
     4731.19      321.468    0.0020247     -3.17203            0        1e-08
     4793.42      321.823   0.00197492     -3.01644            0        1e-08
     4856.28      322.181   0.00192588     -2.85929            0        1e-08
     4919.77      322.543   0.00187759     -2.70057            0        1e-08
     4983.89      322.908   0.00183004     -2.54027            0        1e-08
     5048.66      323.277   0.00178324     -2.37836            0        1e-08
     5114.07       323.65   0.00173719     -2.21483            0        1e-08
     5180.13      324.027   0.00169188     -2.04966            0        1e-08
     5246.86      324.407   0.00164732     -1.88285            0        1e-08
     5314.25      324.791   0.00160351     -1.71436            0        1e-08
     5382.32      325.179   0.00156044      -1.5442            0        1e-08
     5451.07      325.571   0.00151811     -1.37232            0        1e-08
     5520.51      325.967   0.00147653     -1.19874            0        1e-08
     5590.64      326.367   0.00143568     -1.02341            0        1e-08
     5661.47       326.77   0.00139558    -0.846332            0        1e-08
     5733.01      327.178   0.00135621    -0.667483            0        1e-08
     5805.26       327.59   0.00131757    -0.486845            0        1e-08
     5878.24      328.006   0.00127967    -0.304401            0        1e-08
     5951.95      328.426   0.00124249    -0.120133            0        1e-08
     6026.39       328.85   0.00120604    0.0659785            0        1e-08
     6101.58      329.279    0.0011703     0.253951            0        1e-08
     6177.52      329.712   0.00113529     0.443803            0        1e-08
     6254.22      330.149   0.00110099     0.635553            0        1e-08
     6331.69      330.591   0.00106739     0.829221            0        1e-08
     6409.93      331.037   0.00103451      1.02483            0        1e-08
     6488.95      331.487   0.00100232      1.22239            0        1e-08
     6568.77      331.942  0.000970822      1.42192            0        1e-08
     6649.38      332.401  0.000940017      1.62345            0        1e-08
      6730.8      332.866  0.000909896        1.827            0        1e-08
     6813.03      333.334  0.000880453      2.03258            0        1e-08
     6896.09      333.808  0.000851683      2.24022            0        1e-08
     6979.98      334.286   0.00082358      2.44994            0        1e-08
