 #baseprofiles
 #height rhobf
   20.0  0.11762906964315269E+01
   60.0  0.11719542147440445E+01
  107.0  0.11668744909254012E+01
  160.0  0.11611665201609973E+01
  220.0  0.11547304759704251E+01
  286.0  0.11476823913223475E+01
  359.0  0.11399251707280038E+01
  439.0  0.11314702472546934E+01
  525.0  0.11224348085096392E+01
  618.0  0.11127261675508491E+01
  717.0  0.11024619050612052E+01
  823.0  0.10915523617583860E+01
  936.0  0.10800135431709201E+01
 1055.0  0.10679631800524780E+01
 1181.0  0.10553163850532219E+01
 1314.0  0.10420916390482602E+01
 1453.0  0.10284061890965477E+01
 1599.0  0.10141800639311316E+01
 1751.0  0.99952979299080502E+00
 1910.0  0.98437869298556424E+00
 2076.0  0.96874871248018057E+00
 2248.0  0.95275483040532727E+00
 2427.0  0.93632538736207782E+00
 2612.0  0.91957393611235994E+00
 2804.0  0.90243212958200714E+00
 3000.0  0.88518648364111985E+00
 3200.0  0.86784997995464586E+00
 3400.0  0.85077447427684660E+00
 3600.0  0.83395723073366079E+00
 3800.0  0.81739552950278760E+00
 4000.0  0.80108666679431872E+00
 4200.0  0.78502795483124765E+00
 4400.0  0.76921672182994560E+00
 4600.0  0.75365031198054666E+00
 4800.0  0.73832608542729272E+00
 5000.0  0.72324141824875965E+00
 5200.0  0.70839370243806687E+00
 5400.0  0.69378034588297932E+00
 5600.0  0.67939877234595014E+00
 5800.0  0.66524642144409252E+00
 6000.0  0.65132074862906808E+00
 6200.0  0.63761922516692338E+00
 6400.0  0.62413933811782396E+00
 6600.0  0.61087859031573677E+00
 6800.0  0.59783450034801500E+00
 7000.0  0.58500460253494246E+00
 7200.0  0.57238644690914431E+00
 7400.0  0.55997759919498624E+00
 7600.0  0.54777564078784002E+00
 7800.0  0.53577816873330797E+00
 8000.0  0.52398279570633211E+00
 8200.0  0.51238714999026780E+00
 8400.0  0.50098887545582804E+00
 8600.0  0.48978563153998717E+00
 8800.0  0.47877509322477002E+00
 9000.0  0.46795495101598061E+00
 9200.0  0.45732291092183197E+00
 9400.0  0.44687669443149242E+00
 9600.0  0.43661403849355973E+00
 9800.0  0.42653269549442990E+00
10000.0  0.41663043323659327E+00
10200.0  0.40690503491682700E+00
10400.0  0.39735429910432124E+00
10600.0  0.38797603971868200E+00
10800.0  0.37876808600788359E+00
11000.0  0.36972828252609347E+00
11200.0  0.35883214081800568E+00
11400.0  0.34825711575079693E+00
11600.0  0.33799374380060593E+00
11800.0  0.32803284033999935E+00
12000.0  0.31836549141870363E+00
12200.0  0.30898304578657004E+00
12400.0  0.29987710715162291E+00
12600.0  0.29103952666627037E+00
12800.0  0.28246239563495246E+00
13000.0  0.27413803843669782E+00
13200.0  0.26605900565625956E+00
13400.0  0.25821806741767911E+00
13600.0  0.25060820691431646E+00
13800.0  0.24322261412955176E+00
14000.0  0.23605467974254662E+00
14200.0  0.22909798921360250E+00
14400.0  0.22234631704382957E+00
14600.0  0.21579362120398712E+00
14800.0  0.20943403772750771E+00
15000.0  0.20326187546287255E+00
15200.0  0.19727161098063398E+00
15400.0  0.19145788363053351E+00
15600.0  0.18581549074428835E+00
15800.0  0.18033938297975796E+00
16000.0  0.17502465980231785E+00
16200.0  0.16986656509940234E+00
16400.0  0.16486048292428915E+00
16600.0  0.16000193336531657E+00
16800.0  0.15528656853684025E+00
17000.0  0.15071016868833617E+00
17200.0  0.14626863842817292E+00
17400.0  0.14195800305867037E+00
17600.0  0.13777440501916885E+00
17800.0  0.13371410043392146E+00
18000.0  0.12977345576172317E+00
18200.0  0.12594894454427766E+00
18400.0  0.12223714425039106E+00
18600.0  0.11863473321317153E+00
18800.0  0.11513848765748924E+00
19000.0  0.11174527881504073E+00
19200.0  0.10845207012443285E+00
19400.0  0.10525591451378413E+00
19600.0  0.10215395176340780E+00
19800.0  0.99143405946219218E-01
20000.0  0.96221582943576953E-01
20200.0  0.93530139840042492E-01
20400.0  0.90916058850065498E-01
20600.0  0.88377056635788098E-01
20800.0  0.85910919010077358E-01
21000.0  0.83515498789129186E-01
21200.0  0.81188713713413074E-01
21400.0  0.78928544434737360E-01
21600.0  0.76733032567240220E-01
21800.0  0.74600278800281722E-01
22000.0  0.72528441071169264E-01
22220.0  0.70317646917980703E-01
22463.0  0.67956115538084880E-01
22730.0  0.65455191627088294E-01
23023.0  0.62819410617926633E-01
23347.0  0.60031512096398426E-01
23703.0  0.57114567113405963E-01
24096.0  0.54063195522841813E-01
24527.0  0.50908889411315529E-01
25000.0  0.47664235028057438E-01
25500.0  0.44464880916247410E-01
26000.0  0.41485959384748299E-01
26500.0  0.38711892757321294E-01
27000.0  0.36128231672372474E-01
27500.0  0.33721571375918753E-01
28000.0  0.31479474371036292E-01
28500.0  0.29390398930005741E-01
29000.0  0.27443633014608559E-01
29500.0  0.25629233186034755E-01
30000.0  0.23937968119006201E-01
30500.0  0.22361266365121677E-01
31000.0  0.20891168038442539E-01
31500.0  0.19520280122033638E-01
32000.0  0.18241735117858933E-01
32500.0  0.17223083600507623E-01
33000.0  0.16265400730220137E-01
