# z   T   q   u   v   tke
# RCEMIP input for SST=300.0 K
 2.00000000e+01 2.98819550e+02 1.85568508e-02 0.00000000e+00 0.00000000e+00 0.00000000e+00
 6.00000000e+01 2.98973555e+02 1.83711619e-02 0.00000000e+00 0.00000000e+00 0.00000000e+00
 1.07000000e+02 2.99154563e+02 1.81540306e-02 0.00000000e+00 0.00000000e+00 0.00000000e+00
 1.60000000e+02 2.99358744e+02 1.79105699e-02 0.00000000e+00 0.00000000e+00 0.00000000e+00
 2.20000000e+02 2.99589970e+02 1.76367660e-02 0.00000000e+00 0.00000000e+00 0.00000000e+00
 2.86000000e+02 2.99844404e+02 1.73378504e-02 0.00000000e+00 0.00000000e+00 0.00000000e+00
 3.59000000e+02 3.00125920e+02 1.70100599e-02 0.00000000e+00 0.00000000e+00 0.00000000e+00
 4.39000000e+02 3.00434532e+02 1.66543259e-02 0.00000000e+00 0.00000000e+00 0.00000000e+00
 5.25000000e+02 3.00766394e+02 1.62760735e-02 0.00000000e+00 0.00000000e+00 0.00000000e+00
 6.18000000e+02 3.01125368e+02 1.58719974e-02 0.00000000e+00 0.00000000e+00 0.00000000e+00
 7.17000000e+02 3.01507596e+02 1.54476484e-02 0.00000000e+00 0.00000000e+00 0.00000000e+00
 8.23000000e+02 3.01916931e+02 1.50000681e-02 0.00000000e+00 0.00000000e+00 0.00000000e+00
 9.36000000e+02 3.02353363e+02 1.45308083e-02 0.00000000e+00 0.00000000e+00 0.00000000e+00
 1.05500000e+03 3.02813010e+02 1.40455980e-02 0.00000000e+00 0.00000000e+00 0.00000000e+00
 1.18100000e+03 3.03299710e+02 1.35420600e-02 0.00000000e+00 0.00000000e+00 0.00000000e+00
 1.31400000e+03 3.03813431e+02 1.30221416e-02 0.00000000e+00 0.00000000e+00 0.00000000e+00
 1.45300000e+03 3.04350275e+02 1.24916890e-02 0.00000000e+00 0.00000000e+00 0.00000000e+00
 1.59900000e+03 3.04914065e+02 1.19489320e-02 0.00000000e+00 0.00000000e+00 0.00000000e+00
 1.75100000e+03 3.05500899e+02 1.13997276e-02 0.00000000e+00 0.00000000e+00 0.00000000e+00
 1.91000000e+03 3.06114598e+02 1.08426891e-02 0.00000000e+00 0.00000000e+00 0.00000000e+00
 2.07600000e+03 3.06755125e+02 1.02802842e-02 0.00000000e+00 0.00000000e+00 0.00000000e+00
 2.24800000e+03 3.07418594e+02 9.71825499e-03 0.00000000e+00 0.00000000e+00 0.00000000e+00
 2.42700000e+03 3.08108844e+02 9.15572335e-03 0.00000000e+00 0.00000000e+00 0.00000000e+00
 2.61200000e+03 3.08822019e+02 8.59823092e-03 0.00000000e+00 0.00000000e+00 0.00000000e+00
 2.80400000e+03 3.09561992e+02 8.04515351e-03 0.00000000e+00 0.00000000e+00 0.00000000e+00
 3.00000000e+03 3.10317251e+02 7.50707678e-03 0.00000000e+00 0.00000000e+00 0.00000000e+00
 3.20000000e+03 3.11087872e+02 6.98525642e-03 0.00000000e+00 0.00000000e+00 0.00000000e+00
 3.40000000e+03 3.11858547e+02 6.49047057e-03 0.00000000e+00 0.00000000e+00 0.00000000e+00
 3.60000000e+03 3.12629400e+02 6.02216089e-03 0.00000000e+00 0.00000000e+00 0.00000000e+00
 3.80000000e+03 3.13400568e+02 5.57970013e-03 0.00000000e+00 0.00000000e+00 0.00000000e+00
 4.00000000e+03 3.14172203e+02 5.16240059e-03 0.00000000e+00 0.00000000e+00 0.00000000e+00
 4.20000000e+03 3.14944470e+02 4.76952227e-03 0.00000000e+00 0.00000000e+00 0.00000000e+00
 4.40000000e+03 3.15717543e+02 4.40028085e-03 0.00000000e+00 0.00000000e+00 0.00000000e+00
 4.60000000e+03 3.16491608e+02 4.05385536e-03 0.00000000e+00 0.00000000e+00 0.00000000e+00
 4.80000000e+03 3.17266858e+02 3.72939546e-03 0.00000000e+00 0.00000000e+00 0.00000000e+00
 5.00000000e+03 3.18043492e+02 3.42602844e-03 0.00000000e+00 0.00000000e+00 0.00000000e+00
 5.20000000e+03 3.18821716e+02 3.14286572e-03 0.00000000e+00 0.00000000e+00 0.00000000e+00
 5.40000000e+03 3.19601741e+02 2.87900902e-03 0.00000000e+00 0.00000000e+00 0.00000000e+00
 5.60000000e+03 3.20383782e+02 2.63355603e-03 0.00000000e+00 0.00000000e+00 0.00000000e+00
 5.80000000e+03 3.21168055e+02 2.40560565e-03 0.00000000e+00 0.00000000e+00 0.00000000e+00
 6.00000000e+03 3.21954778e+02 2.19426282e-03 0.00000000e+00 0.00000000e+00 0.00000000e+00
 6.20000000e+03 3.22744171e+02 1.99864284e-03 0.00000000e+00 0.00000000e+00 0.00000000e+00
 6.40000000e+03 3.23536454e+02 1.81787524e-03 0.00000000e+00 0.00000000e+00 0.00000000e+00
 6.60000000e+03 3.24331844e+02 1.65110729e-03 0.00000000e+00 0.00000000e+00 0.00000000e+00
 6.80000000e+03 3.25130560e+02 1.49750696e-03 0.00000000e+00 0.00000000e+00 0.00000000e+00
 7.00000000e+03 3.25932818e+02 1.35626559e-03 0.00000000e+00 0.00000000e+00 0.00000000e+00
 7.20000000e+03 3.26738830e+02 1.22660004e-03 0.00000000e+00 0.00000000e+00 0.00000000e+00
 7.40000000e+03 3.27548808e+02 1.10775455e-03 0.00000000e+00 0.00000000e+00 0.00000000e+00
 7.60000000e+03 3.28362960e+02 9.99002200e-04 0.00000000e+00 0.00000000e+00 0.00000000e+00
 7.80000000e+03 3.29181490e+02 8.99646065e-04 0.00000000e+00 0.00000000e+00 0.00000000e+00
 8.00000000e+03 3.30004600e+02 8.09020007e-04 0.00000000e+00 0.00000000e+00 0.00000000e+00
 8.20000000e+03 3.30832487e+02 7.26489222e-04 0.00000000e+00 0.00000000e+00 0.00000000e+00
 8.40000000e+03 3.31665346e+02 6.51450506e-04 0.00000000e+00 0.00000000e+00 0.00000000e+00
 8.60000000e+03 3.32503367e+02 5.83332285e-04 0.00000000e+00 0.00000000e+00 0.00000000e+00
 8.80000000e+03 3.33346737e+02 5.21594421e-04 0.00000000e+00 0.00000000e+00 0.00000000e+00
 9.00000000e+03 3.34195638e+02 4.65727838e-04 0.00000000e+00 0.00000000e+00 0.00000000e+00
 9.20000000e+03 3.35050250e+02 4.15253972e-04 0.00000000e+00 0.00000000e+00 0.00000000e+00
 9.40000000e+03 3.35910750e+02 3.69724074e-04 0.00000000e+00 0.00000000e+00 0.00000000e+00
 9.60000000e+03 3.36777309e+02 3.28718389e-04 0.00000000e+00 0.00000000e+00 0.00000000e+00
 9.80000000e+03 3.37650099e+02 2.91845236e-04 0.00000000e+00 0.00000000e+00 0.00000000e+00
 1.00000000e+04 3.38529284e+02 2.58739987e-04 0.00000000e+00 0.00000000e+00 0.00000000e+00
 1.02000000e+04 3.39415030e+02 2.29063996e-04 0.00000000e+00 0.00000000e+00 0.00000000e+00
 1.04000000e+04 3.40307497e+02 2.02503462e-04 0.00000000e+00 0.00000000e+00 0.00000000e+00
 1.06000000e+04 3.41206846e+02 1.78768257e-04 0.00000000e+00 0.00000000e+00 0.00000000e+00
 1.08000000e+04 3.42113232e+02 1.57590741e-04 0.00000000e+00 0.00000000e+00 0.00000000e+00
 1.10000000e+04 3.43026812e+02 1.38724550e-04 0.00000000e+00 0.00000000e+00 0.00000000e+00
 1.12000000e+04 3.43947738e+02 1.21943397e-04 0.00000000e+00 0.00000000e+00 0.00000000e+00
 1.14000000e+04 3.44876165e+02 1.07039875e-04 0.00000000e+00 0.00000000e+00 0.00000000e+00
 1.16000000e+04 3.45812243e+02 9.38242778e-05 0.00000000e+00 0.00000000e+00 0.00000000e+00
 1.18000000e+04 3.46756123e+02 8.21234536e-05 0.00000000e+00 0.00000000e+00 0.00000000e+00
 1.20000000e+04 3.47707956e+02 7.17796798e-05 0.00000000e+00 0.00000000e+00 0.00000000e+00
 1.22000000e+04 3.48667891e+02 6.26495802e-05 0.00000000e+00 0.00000000e+00 0.00000000e+00
 1.24000000e+04 3.49636079e+02 5.46030812e-05 0.00000000e+00 0.00000000e+00 0.00000000e+00
 1.26000000e+04 3.50612671e+02 4.75224117e-05 0.00000000e+00 0.00000000e+00 0.00000000e+00
 1.28000000e+04 3.51597817e+02 4.13011487e-05 0.00000000e+00 0.00000000e+00 0.00000000e+00
 1.30000000e+04 3.52591669e+02 3.58433115e-05 0.00000000e+00 0.00000000e+00 0.00000000e+00
 1.32000000e+04 3.53594380e+02 3.10625038e-05 0.00000000e+00 0.00000000e+00 0.00000000e+00
 1.34000000e+04 3.54606104e+02 2.68811056e-05 0.00000000e+00 0.00000000e+00 0.00000000e+00
 1.36000000e+04 3.55626996e+02 2.32295145e-05 0.00000000e+00 0.00000000e+00 0.00000000e+00
 1.38000000e+04 3.56657213e+02 2.00454346e-05 0.00000000e+00 0.00000000e+00 0.00000000e+00
 1.40000000e+04 3.57696915e+02 1.72732140e-05 0.00000000e+00 0.00000000e+00 0.00000000e+00
 1.42000000e+04 3.58746262e+02 1.48632291e-05 0.00000000e+00 0.00000000e+00 0.00000000e+00
 1.44000000e+04 3.59805418e+02 1.27713122e-05 0.00000000e+00 0.00000000e+00 0.00000000e+00
 1.46000000e+04 3.60874549e+02 1.09582250e-05 0.00000000e+00 0.00000000e+00 0.00000000e+00
 1.48000000e+04 3.61953823e+02 9.38917078e-06 0.00000000e+00 0.00000000e+00 0.00000000e+00
 1.50000000e+04 3.63043412e+02 8.03334838e-06 0.00000000e+00 0.00000000e+00 0.00000000e+00
 1.52000000e+04 3.66554183e+02 1.00000000e-11 0.00000000e+00 0.00000000e+00 0.00000000e+00
 1.54000000e+04 3.70097096e+02 1.00000000e-11 0.00000000e+00 0.00000000e+00 0.00000000e+00
 1.56000000e+04 3.73674254e+02 1.00000000e-11 0.00000000e+00 0.00000000e+00 0.00000000e+00
 1.58000000e+04 3.77285986e+02 1.00000000e-11 0.00000000e+00 0.00000000e+00 0.00000000e+00
 1.60000000e+04 3.80932627e+02 1.00000000e-11 0.00000000e+00 0.00000000e+00 0.00000000e+00
 1.62000000e+04 3.84614515e+02 1.00000000e-11 0.00000000e+00 0.00000000e+00 0.00000000e+00
 1.64000000e+04 3.88331990e+02 1.00000000e-11 0.00000000e+00 0.00000000e+00 0.00000000e+00
 1.66000000e+04 3.92085396e+02 1.00000000e-11 0.00000000e+00 0.00000000e+00 0.00000000e+00
 1.68000000e+04 3.95875080e+02 1.00000000e-11 0.00000000e+00 0.00000000e+00 0.00000000e+00
 1.70000000e+04 3.99701393e+02 1.00000000e-11 0.00000000e+00 0.00000000e+00 0.00000000e+00
 1.72000000e+04 4.03564690e+02 1.00000000e-11 0.00000000e+00 0.00000000e+00 0.00000000e+00
 1.74000000e+04 4.07465327e+02 1.00000000e-11 0.00000000e+00 0.00000000e+00 0.00000000e+00
 1.76000000e+04 4.11403665e+02 1.00000000e-11 0.00000000e+00 0.00000000e+00 0.00000000e+00
 1.78000000e+04 4.15380069e+02 1.00000000e-11 0.00000000e+00 0.00000000e+00 0.00000000e+00
 1.80000000e+04 4.19394907e+02 1.00000000e-11 0.00000000e+00 0.00000000e+00 0.00000000e+00
 1.82000000e+04 4.23448551e+02 1.00000000e-11 0.00000000e+00 0.00000000e+00 0.00000000e+00
 1.84000000e+04 4.27541374e+02 1.00000000e-11 0.00000000e+00 0.00000000e+00 0.00000000e+00
 1.86000000e+04 4.31673757e+02 1.00000000e-11 0.00000000e+00 0.00000000e+00 0.00000000e+00
 1.88000000e+04 4.35846081e+02 1.00000000e-11 0.00000000e+00 0.00000000e+00 0.00000000e+00
 1.90000000e+04 4.40058732e+02 1.00000000e-11 0.00000000e+00 0.00000000e+00 0.00000000e+00
 1.92000000e+04 4.44312100e+02 1.00000000e-11 0.00000000e+00 0.00000000e+00 0.00000000e+00
 1.94000000e+04 4.48606580e+02 1.00000000e-11 0.00000000e+00 0.00000000e+00 0.00000000e+00
 1.96000000e+04 4.52942567e+02 1.00000000e-11 0.00000000e+00 0.00000000e+00 0.00000000e+00
 1.98000000e+04 4.57320464e+02 1.00000000e-11 0.00000000e+00 0.00000000e+00 0.00000000e+00
 2.00000000e+04 4.61740675e+02 1.00000000e-11 0.00000000e+00 0.00000000e+00 0.00000000e+00
 2.02000000e+04 4.66203609e+02 1.00000000e-11 0.00000000e+00 0.00000000e+00 0.00000000e+00
 2.04000000e+04 4.70709680e+02 1.00000000e-11 0.00000000e+00 0.00000000e+00 0.00000000e+00
 2.06000000e+04 4.75259304e+02 1.00000000e-11 0.00000000e+00 0.00000000e+00 0.00000000e+00
 2.08000000e+04 4.79852902e+02 1.00000000e-11 0.00000000e+00 0.00000000e+00 0.00000000e+00
 2.10000000e+04 4.84490899e+02 1.00000000e-11 0.00000000e+00 0.00000000e+00 0.00000000e+00
 2.12000000e+04 4.89173725e+02 1.00000000e-11 0.00000000e+00 0.00000000e+00 0.00000000e+00
 2.14000000e+04 4.93901812e+02 1.00000000e-11 0.00000000e+00 0.00000000e+00 0.00000000e+00
 2.16000000e+04 4.98675599e+02 1.00000000e-11 0.00000000e+00 0.00000000e+00 0.00000000e+00
 2.18000000e+04 5.03495526e+02 1.00000000e-11 0.00000000e+00 0.00000000e+00 0.00000000e+00
 2.20000000e+04 5.08362040e+02 1.00000000e-11 0.00000000e+00 0.00000000e+00 0.00000000e+00
 2.22200000e+04 5.13769551e+02 1.00000000e-11 0.00000000e+00 0.00000000e+00 0.00000000e+00
 2.24630000e+04 5.19809272e+02 1.00000000e-11 0.00000000e+00 0.00000000e+00 0.00000000e+00
 2.27300000e+04 5.26527407e+02 1.00000000e-11 0.00000000e+00 0.00000000e+00 0.00000000e+00
 2.30230000e+04 5.33999704e+02 1.00000000e-11 0.00000000e+00 0.00000000e+00 0.00000000e+00
 2.33470000e+04 5.42386115e+02 1.00000000e-11 0.00000000e+00 0.00000000e+00 0.00000000e+00
 2.37030000e+04 5.51752755e+02 1.00000000e-11 0.00000000e+00 0.00000000e+00 0.00000000e+00
 2.40960000e+04 5.62280851e+02 1.00000000e-11 0.00000000e+00 0.00000000e+00 0.00000000e+00
 2.45270000e+04 5.74058038e+02 1.00000000e-11 0.00000000e+00 0.00000000e+00 0.00000000e+00
 2.50000000e+04 5.87266983e+02 1.00000000e-11 0.00000000e+00 0.00000000e+00 0.00000000e+00
 2.55000000e+04 6.01560526e+02 1.00000000e-11 0.00000000e+00 0.00000000e+00 0.00000000e+00
 2.60000000e+04 6.16201960e+02 1.00000000e-11 0.00000000e+00 0.00000000e+00 0.00000000e+00
 2.65000000e+04 6.31199753e+02 1.00000000e-11 0.00000000e+00 0.00000000e+00 0.00000000e+00
 2.70000000e+04 6.46562579e+02 1.00000000e-11 0.00000000e+00 0.00000000e+00 0.00000000e+00
 2.75000000e+04 6.62299323e+02 1.00000000e-11 0.00000000e+00 0.00000000e+00 0.00000000e+00
 2.80000000e+04 6.78419084e+02 1.00000000e-11 0.00000000e+00 0.00000000e+00 0.00000000e+00
 2.85000000e+04 6.94931185e+02 1.00000000e-11 0.00000000e+00 0.00000000e+00 0.00000000e+00
 2.90000000e+04 7.11845176e+02 1.00000000e-11 0.00000000e+00 0.00000000e+00 0.00000000e+00
 2.95000000e+04 7.29170838e+02 1.00000000e-11 0.00000000e+00 0.00000000e+00 0.00000000e+00
 3.00000000e+04 7.46918191e+02 1.00000000e-11 0.00000000e+00 0.00000000e+00 0.00000000e+00
 3.05000000e+04 7.65097498e+02 1.00000000e-11 0.00000000e+00 0.00000000e+00 0.00000000e+00
 3.10000000e+04 7.83719273e+02 1.00000000e-11 0.00000000e+00 0.00000000e+00 0.00000000e+00
 3.15000000e+04 8.02794285e+02 1.00000000e-11 0.00000000e+00 0.00000000e+00 0.00000000e+00
 3.20000000e+04 8.22333566e+02 1.00000000e-11 0.00000000e+00 0.00000000e+00 0.00000000e+00
 3.25000000e+04 8.42348414e+02 1.00000000e-11 0.00000000e+00 0.00000000e+00 0.00000000e+00
 3.30000000e+04 8.62850406e+02 1.00000000e-11 0.00000000e+00 0.00000000e+00 0.00000000e+00
